199
348
478
582
680
771
849
918
989
1039
1100
1150
1215
1268
1325
1374
1429
1469
1511
1552
1604
1656
1701
1741
1777
1805
1843
1878
1906
1933
1967
2003
2038
2077
2101
2123
2157
2190
2214
2241
2261
2282
2305
2327
2354
2370
2396
2418
2446
2464
2487
2507
2524
2548
2566
2594
2608
2627
2641
2661
2673
2688
2704
2717
2734
2751
2770
2789
2802
2821
2832
2844
2857
2869
2883
2901
2913
2926
2939
2954
2967
2981
2989
3003
3015
3026
3039
3052
3067
3074
3080
3088
3100
3108
3117
3121
3133
3140
3148
3157
3171
3181
3192
3197
3205
3213
3220
3227
3238
3251
3263
3269
3273
3281
3287
3291
3301
3307
3316
3321
3332
3340
3349
3356
3366
3376
3384
3391
3398
3404
3408
3414
3421
3426
3434
3440
3445
3451
3458
3469
3475
3481
3487
3492
3499
3505
3511
3513
3516
3524
3526
3534
3537
3540
3544
3547
3554
3559
3564
3569
3575
3580
3586
3592
3597
3601
3603
3604
3606
3606
3606
3606
3606
3606
