551
815
1003
1134
1256
1356
1437
1530
1594
1642
1708
1774
1823
1877
1925
1972
2021
2052
2088
2126
2163
2202
2244
2284
2308
2342
2369
2395
2423
2447
2471
2498
2518
2546
2571
2594
2626
2645
2661
2681
2699
2711
2730
2752
2769
2788
2803
2813
2821
2840
2857
2873
2885
2895
2910
2926
2943
2961
2975
2989
2999
3009
3020
3027
3040
3048
3053
3065
3078
3092
3103
3113
3121
3126
3136
3144
3151
3160
3172
3182
3193
3204
3212
3218
3229
3241
3246
3257
3264
3277
3286
3295
3299
3303
3313
3319
3325
3330
3338
3346
3350
3358
3363
3371
3380
3383
3390
3395
3398
3407
3409
3417
3430
3439
3442
3446
3451
3461
3467
3472
3474
3479
3484
3487
3489
3491
3494
3499
3504
3509
3513
3516
3521
3524
3526
3532
3533
3537
3543
3546
3548
3550
3557
3561
3564
3567
3568
3570
3575
3577
3581
3583
3585
3585
3585
3585
3585
3585
3585
3585
3585
3585
3585
3585
3585
3585
3585
3585
3585
3585
3585
3585
3585
3585
