379
584
718
833
934
1013
1085
1169
1225
1280
1336
1390
1455
1496
1541
1580
1616
1656
1697
1736
1780
1822
1868
1899
1931
1971
2010
2036
2060
2091
2112
2140
2168
2186
2206
2232
2248
2274
2297
2320
2338
2357
2384
2402
2422
2443
2456
2484
2499
2514
2531
2550
2568
2584
2599
2609
2609
2609
2609
2609
2609
2609
2609
2609
2609
2609
2609
2609
2609
2609
2609
2609
2609
2609
2609
2609
2609
2609
2609
2609
2609
2609
2609
2609
2609
2609
2609
2609
2609
2609
2609
2609
2609
2609
2609
2609
2609
2609
2609
2609
2609
2609
2609
2609
2609
2609
2609
2609
2609
2609
2609
2609
2609
2609
2609
2609
2609
2609
2609
2609
2609
2609
2609
2609
2609
2609
2609
2609
2609
2609
2609
2609
2609
2609
2609
2609
2609
2609
2609
2609
2609
2609
2609
2609
2609
2609
2609
2609
2609
2609
2609
2609
2609
2609
2609
2609
2609
2609
2609
2609
2609
2609
2609
2609
2609
2609
2609
2609
2609
2609
2609
2609
2609
2609
