595
1058
1316
1495
1647
1769
1880
1976
2066
2140
2214
2266
2324
2370
2418
2480
2519
2553
2594
2636
2672
2704
2736
2756
2785
2805
2829
2845
2866
2887
2901
2926
2947
2965
2986
3002
3024
3047
3063
3076
3090
3106
3125
3135
3148
3158
3173
3186
3196
3206
3213
3221
3231
3242
3250
3258
3267
3272
3277
3287
3296
3305
3311
3319
3325
3335
3344
3348
3356
3359
3360
3366
3372
3380
3386
3392
3401
3403
3409
3413
3421
3425
3431
3436
3440
3442
3447
3450
3453
3456
3456
3459
3463
3467
3470
3473
3479
3482
3485
3489
3489
3492
3496
3500
3505
3509
3510
3511
3514
3516
3516
3518
3524
3528
3530
3533
3539
3539
3541
3544
3547
3549
3550
3553
3555
3558
3558
3559
3560
3564
3567
3568
3570
3571
3574
3575
3579
3581
3582
3584
3584
3587
3588
3588
3588
