27
50
74
92
117
143
166
184
200
222
242
267
284
309
330
347
371
393
420
443
463
477
498
527
544
572
601
618
641
666
691
711
734
754
775
786
813
835
856
871
889
907
929
953
973
989
1015
1036
1057
1078
1103
1113
1137
1153
1176
1192
1213
1232
1255
1269
1297
1320
1343
1363
1384
1403
1425
1443
1463
1498
1517
1534
1556
1575
1594
1615
1639
1655
1675
1691
1711
1726
1744
1768
1784
1799
1826
1850
1870
1885
1910
1938
1962
1991
2010
2032
2055
2073
2089
2109
2143
2173
2198
2218
2236
2253
2276
2297
2308
2325
2358
2385
2410
2432
2455
2483
2501
2519
2543
2565
2592
2616
2639
2654
2669
2693
2720
2739
2759
2780
2806
2831
2849
2876
2894
2910
2925
2948
2970
2987
3001
3022
3032
3054
3074
3100
3115
3143
3168
3190
3207
3228
3255
3276
3301
3326
3347
3372
3396
3420
3437
3460
3486
3514
3530
3553
3577
3602
3615
3615
3615
3615
3615
3615
